8,第1章：模擬戦,天空の暁の兵士達は確かに素晴らしい素質を持っている。しかし、彼らは実戦経験が皆無である。そこで、あなたはアカツキ軍の生き残りと模擬戦を行って、天空の暁の経験値をあげることを考えた。確かに、アカツキ軍の多くの兵達は実戦経験がなくそれほど。だが、軍隊長、槍兵長、弓兵長の3人は賊共との小競り合いを何度も経験しているので決して侮れない。,-1



1,0,軍隊長,槍兵長,弓兵長
2
battle_advantage.mp3
3
3
4,0,2,0,5,1,3,1,4
軍隊長,6,22,1
槍兵長,5,16,7
弓兵長,4,16,2
亡国の弓兵,3,13,1
亡国の弓兵,3,13,0
亡国の槍兵,4,17,6
亡国の槍兵,4,15,6
亡国の精鋭,5,23,4
亡国の精鋭,5,24,4
荒ぶる雑魚,2,8,3
荒ぶる雑魚,2,8,4
荒ぶる雑魚,2,3,1
荒ぶる雑魚,2,3,6
亡国の戦士,3,16,5
END
9,荒くれ者の撃退,アカツキ復興の旅路の途中に荒くれ者達と遭遇してしまった。ここは交戦するしかなさそうだ。(※先にこちらのステージをプレイすることをお勧めします),-1

8

2
6
battle_brigand.mp3
3
3
3,3,7,3,9,4,8
荒ぶる雑魚,1,2,3
荒ぶる雑魚,1,2,4
荒くれ者,2,10,8
荒くれ者,3,12,1
荒くれ者,3,10,1
荒くれボス,3,11,0
END
10,城攻め,この周辺で新たな国を建てたい。(※ハードモードです。),-1
1212
11
1000
1
6
battle_attack_castle.mp3
1,城
3
3,3,7,3,9,4,8
荒ぶる雑魚,1,2,3
荒ぶる雑魚,1,2,4
荒くれ者,2,10,8
荒くれ者,3,12,1
荒くれ者,3,10,1
荒くれボス,3,11,0
END
11,第2章：襲撃,旅路の途中でこの地方を領土とする国の軍隊からの襲撃を受けた。どうやら、奴らはアカツキの生き残りを根絶やしにするつもりらしい。敵の軍団長を倒して奴らから逃げる隙を作るしかなさそうだ。(先に、賊退治と森の妖精をプレイすることをお勧めします),1
8
10
1000
1
8
battle_assaulted.mp3
2,軍団長
3
8,4,13,5,12,5,14,6,13,13,13,14,13,13,14,14,14
軍団長,15,21,1
弓兵,9,23,10
弓兵,10,24,8
弓兵,11,13,6
弓兵,11,13,8
弓兵,12,8,1
剣士,9,23,11
剣士,10,18,8
剣士,11,3,9
拳闘士,9,22,10
拳闘士,10,14,7
拳闘士,11,3,6
槍兵,9,22,11
槍兵,10,25,6
槍兵,11,3,8
槍兵,12,3,4
戦士,10,25,9
戦士,10,25,10
中級兵士,9,8,8
中級兵士,10,4,5
中級兵士,14,20,2
中級兵士,14,17,2
強戦士,13,9,3
強戦士,13,12,1
強戦士,14,14,4
狩人,14,1,2
狩人,9,5,10
狩人,9,20,7
治療兵,9,28,7
治療兵,10,7,5
救護兵,9,27,2
救護兵,10,2,9
救護兵,11,10,1
狙撃兵,11,26,3
狙撃兵,12,23,1
END
12,賊退治,この地方の住民を襲う賊のアジトを発見した。他国の領土とはいえ賊を見過ごすわけにはいかない。だが、そのアジトにはアカツキ最強の戦士リンが賊の用心棒として控えていた。,-1
8
1000

2,0,リン
7
battle_brigand.mp3
3
3
6,1,9,2,9,0,7,1,7,2,7,3,7
荒ぶる雑魚,6,1,2
荒ぶる雑魚,6,2,2
荒ぶる雑魚,6,3,2
荒ぶる雑魚,7,0,1
荒ぶる雑魚,7,4,1
荒くれ者,7,6,6
荒くれ者,7,7,6
賊,7,15,8
賊,7,14,5
賊,8,9,5
賊,8,9,1
リン,8,14,1
賊長,10,12,1
END
13,森の妖精,「森の妖精」と呼ばれる森に住む名医アイとその助手モモが賊に襲われている！ただちに助けよう！,-1
8
1000

2
5
battle_nature.mp3
2,森林賊長
2,アイ
6,12,7,11,8,13,8,12,9,23,7,2,7,アイ,5,22,7,モモ,5,2,8
荒ぶる雑魚,6,9,10
荒ぶる雑魚,6,15,10
荒ぶる雑魚,6,14,5
荒ぶる雑魚,6,11,5
荒ぶる雑魚,7,2,12
荒ぶる雑魚,7,22,12
森林賊,6,25,6
森林賊,7,21,9
森林賊,6,4,8
森林賊,7,0,6
賊,8,7,0
賊,8,16,0
荒くれ者,8,20,2
荒くれ者,8,4,2
若頭,10,22,1
若頭,10,0,0
悪徳医者,8,12,11
森林賊長,10,12,0
END
14,群れる男達,これからの戦いに備えて兵士達の訓練をしたい。この近隣には筋肉隆々な男達が集う場所があるらしい。多少怪しい雰囲気を感じるが、そこで彼らに兵士達を鍛えてもらおう。(※かなり難しいです。),-1
8
1000

2
5
battle_advantage.mp3
3
3
8,12,11,11,12,13,12,12,9,9,9,9,8,15,8,15,9
アニキA,7,25,6
アニキA,8,1,6
アニキA,9,0,0
アニキA,9,16,0
アニキA,8,25,12
アニキB,8,24,6
アニキB,8,0,7
アニキB,9,0,1
アニキB,9,25,0
アニキB,7,0,12
アニキC,8,25,7
アニキC,8,0,6
アニキC,9,25,1
アニキC,9,7,0
アニキC,7,13,6
アニキC,7,11,6
END
18,第3章：海越え,あなたはアハトの誘いを断って、海の向こうへ逃亡することに決めた。しかし、航海の途中で海賊に遭遇してしまった。さらに、アハト軍の追手も近づいて来ている。この状況を打開するために、まずは海賊の船長を討つしかない。,3
11
15
2000
1,6
12
battle_inferiority.mp3
2,海賊船長
3
12,4,7,4,9,7,7,7,9,32,14,34,14,5,8,31,13,35,13,36,14,30,14,6,8
海賊船長,20,28,2
タッツ,18,20,22
海賊アニキ,17,9,1
海賊アニキ,18,28,6
海賊アニキ,15,17,7
機関士,18,32,2
機関士,18,24,2
水兵,15,19,18
水兵,15,22,18
B級救護兵,18,3,16
B級救護兵,18,37,20
B級救護兵,18,17,22
B級救護兵,18,24,22
水兵,20,21,22
機関士,18,6,1
機関士,18,13,1
機関士,18,32,4
機関士,18,24,4
C級海賊,15,36,7
C級海賊,18,27,2
C級海賊,18,29,2
C級海賊,15,13,3
C級海賊,16,25,7
C級海賊,16,31,7
海賊アニキ,16,28,9
C級海賊,15,6,3
D級海賊,15,24,7
D級海賊,15,24,9
D級海賊,15,1,6
D級海賊,15,1,10
D級海賊,15,32,19
D級海賊,15,31,19
C級海賊,15,23,8
機関士,16,21,8
機関士,16,33,8
水兵,17,26,20
水兵,15,13,16
海賊アニキ,17,38,1
C級海賊,16,37,2
C級海賊,16,39,2
弓賊,17,21,2
弓賊,17,35,2
D級海賊2,15,14,5
D級海賊2,15,14,11
D級海賊2,15,33,11
D級海賊2,17,26,6
D級海賊2,17,28,7
D級海賊,17,30,6
水兵2,16,35,18
水兵2,16,40,18
水兵2,18,19,20
水兵2,18,22,20
水兵,17,9,16
水兵2,16,7,16
水兵2,14,4,14
END
15,第3章Ex：アハトを討て,あなたは八皇の末裔の1人アハトの誘いを断わって、アハトと敵対することを選んだ。相手は1国の王、まともに戦って勝てる相手ではない。しかし、今は幸運にもアハト軍の主力部隊が遠征でこの地を離れている。アハトを討つなら今しかない。(でも、かなり難しいです),2
11
18
2000
1,0,タッツ,カッツ
9
battle_attack_castle.mp3
2,アハト
3
10,2,15,1,16,3,16,13,15,14,15,15,15,14,16,27,15,26,16,28,16
アハト,30,14,1
タッツ,20,11,3
カッツ,20,17,3
強戦士,30,2,12
強戦士,30,27,12
強戦士,30,17,9
強戦士,30,12,9
強戦士,30,12,6
強戦士,30,17,6
中級兵士,30,14,13
中級兵士,30,15,13
中級兵士,30,3,9
中級兵士,30,0,9
中級兵士,30,30,9
中級兵士,30,25,9
中級兵士,30,10,10
中級兵士,30,19,10
砲兵,26,9,1
砲兵,26,19,1
砲兵,26,0,0
砲兵,26,30,0
凶研究者,27,2,1
凶研究者,27,28,1
水兵,26,22,7
水兵,26,6,7
水兵,26,7,11
水兵,26,21,11
防衛兵,26,13,4
防衛兵,26,15,4
防衛兵,26,8,7
防衛兵,27,20,7
防衛兵,27,28,6
防衛兵,27,2,6
B級救護兵,25,4,0
B級救護兵,25,25,0
B級救護兵,25,21,3
B級救護兵,25,7,3
END
16,海賊討伐,この土地には海賊が住み着いていて、奴らは定期的に近隣の村を襲っている。そこで、あなたは奴らが襲いにくる日を先読みして待ち伏せすることにした。その待ち伏せは見事成功したが、相手はアハト軍でも手を焼いている女海賊レーズンだった。,-1
11
2000

2,0,レーズン
10
battle_nature.mp3
2,レーズン
3
8,26,1,25,2,27,2,26,3,2,1,1,2,3,2,2,3
レーズン,15,15,1
C級海賊,13,15,5
C級海賊,13,15,3
C級海賊,14,14,2
C級海賊,14,16,2
D級海賊,12,7,5
D級海賊,12,22,5
D級海賊,13,18,5
D級海賊,13,11,5
D級海賊,14,11,2
D級海賊,14,20,3
ヤンキー,11,0,0
ヤンキー,11,4,0
ヤンキー,11,24,0
ヤンキー,11,28,0
ヤンキー,12,7,7
ヤンキー,12,7,9
ヤンキー,12,21,7
ヤンキー,12,21,9
ヤンキー,13,8,8
ヤンキー,13,20,8
END
17,海賊討伐2,あなたはまた海賊の待ち伏せを行い、海賊との遭遇に成功した。今度の相手はそれほど苦戦せずに退治できそうだ。,-1
16
2000

2,3
11
battle_moving.mp3
3
3
8,1,1,0,2,2,2,16,3,16,2,16,4,28,9,27,9
C級海賊,14,11,9
C級海賊,14,2,8
C級海賊,14,20,7
C級海賊,14,20,8
C級海賊,15,3,8
C級海賊,15,8,0
D級海賊,14,7,2
弓賊,14,12,2
D級海賊,15,6,0
D級海賊,15,9,4
弓賊,15,8,3
D級海賊,15,23,0
D級海賊,15,24,2
D級海賊,14,23,4
D級海賊,14,19,5
弓賊,14,22,5
弓賊,14,0,6
END